11100000010011110000000000001111
11100010100000000010000000000101
11100010100000000000000001000000
11100101100000000010000010000000
11100010010100100100000000001001
01000011100000100110000000010001
11100010000000100111000000010001
11100101100100000011000010000000
11100000010101101000000000100111
11100000001100101001000000000110
11100010001000101001000000001110
11100000001000101001000100000100
11100001010000111010000000000110
11100011010000111010000000001000
11100001010000111010000110100110
11100001101001001011000000000100
11100011101001011011000000001010
11100011101101001011000100001010
11100001110100101100000000000011
11100011110000101100000000001110
11100001110100101100010101000111
11100001111000101101000000000010
11100011111000111101000000001001
11100001111101111101010111100111
11100000000000101110000000001000
00001010000000000000000000010000
11100000010100111000000000000100
11100000100110001000000000001000
00111010000011111111111111111101
11101010000000000000000000000000
11100000010011110101000000001111
11100101100000001000000011000000
11101010111111111111111111111110

